(0,0) (5,0) 70 2
(0,0) (3,7) 60 2
(5,0) (10,0) 70 2
(5,0) (6,4) 50 2
(10,0) (19,0) 70 2
(10,0) (12,4) 40 2
(19,0) (12,4) 55 2
(19,0) (22,7) 30 2
(3,7) (0,13) 25 2
(3,7) (6,4) 25 2
(6,4) (3,7) 40 2
(6,4) (8,10) 70 2
(12,4) (16,10) 80 2
(0,13) (4,13) 55 2
(0,13) (3,20) 25 2
(4,13) (8,13) 65 2
(8,10) (8,13) 85 2
(8,10) (13,13) 95 2
(8,10) (16,10) 90 2
(8,13) (9,16) 80 2
(8,13) (13,13) 95 2
(16,10) (13,13) 95 2
(16,10) (17,6) 60 2
(16,10) (20,13) 40 2
(17,17) (20,13) 20 2
(22,7) (20,13) 20 2
(22,7) (17,6) 45 2
(20,13) (17,17) 25 2
(13,13) (17,17) 50 2
(3,20) (11,19) 30 2
(11,19) (9,16) 60 2
(11,19) (20,20) 40 2
(20,20) (17,17) 10 2